# Weights1
-1.04132 0.776018 -2.11674 -0.297129 -0.873163 -2.09666 2.64114 -1.39218 
0.593447 2.80326 0.547321 -0.128933 -2.82043 -0.140097 -1.05912 0.820828 
# Weights2
0.970957 0.4435 0.615974 0.170443 
1.22637 2.05029 1.8962 0.282106 
1.24588 1.56909 0.17469 -0.587535 
-0.572718 -1.27996 -0.816107 -1.02108 
0.38898 2.77116 -0.022138 -0.0659213 
1.35185 1.17927 -0.417271 -0.231132 
-0.152185 1.99533 2.12449 0.177768 
0.471704 1.38021 0.375922 0.119899 
# Weights3
-2.59561 
-5.07263 
-2.83525 
-0.0521102 
# Bias1
-0.552431 -0.879988 -0.960421 1.64236 -1.0271 -0.926087 -0.846894 -0.438905 
# Bias2
-1.49571 -2.04126 -1.61033 0.045861 
# Bias3
4.77903 
